
Aachen Day:

           {'layer1': {'block0': array([[232.,   2.],
       [193.,  53.],
       [259.,  53.],
       [ 90.,  26.],
       [137.,  26.],
       [281.,  26.],
       [327.,  26.],
       [ 18.,   2.]]), 'block1': array([[181.,  26.],
       [136.,   2.],
       [218.,   2.],
       [137.,  26.],
       [  1.,  54.],
       [343.,   2.],
       [212.,  26.],
       [227.,   2.]]), 'block2': array([[ 26.,   2.],
       [345.,   2.],
       [296.,  53.],
       [221.,   2.],
       [138.,   2.],
       [193.,  60.],
       [ 78.,  26.],
       [ 25.,  26.]])}, 'layer2': {'block0': array([[ 45., 115.],
       [199.,  51.],
       [350.,  60.],
       [211.,  89.],
       [ 56.,  51.],
       [ 65.,  72.],
       [150., 115.],
       [199.,  20.]]), 'block1': array([[291.,   5.],
       [199.,  51.],
       [236.,   5.],
       [107., 115.],
       [227.,  89.],
       [236.,   2.],
       [191.,  51.],
       [222.,   5.]]), 'block2': array([[347.,   0.],
       [ 93.,  18.],
       [263.,   5.],
       [ 99.,   0.],
       [152.,  17.],
       [274.,   5.],
       [237., 115.],
       [111., 115.]]), 'block3': array([[ 61.,  20.],
       [152.,  17.],
       [268., 115.],
       [185.,  65.],
       [109., 115.],
       [ 22.,   0.],
       [  7.,  18.],
       [343.,   2.]])}, 'layer3': {'block0': array([[219., 142.],
       [ 96., 142.],
       [219., 109.],
       [354., 144.],
       [174., 109.],
       [329., 144.],
       [ 12., 169.],
       [319., 247.]]), 'block1': array([[ 93.,  64.],
       [211., 126.],
       [345., 126.],
       [197., 144.],
       [354., 126.],
       [119.,  64.],
       [269., 142.],
       [177.,  57.]]), 'block2': array([[124., 144.],
       [ 47., 251.],
       [167., 151.],
       [ 36., 144.],
       [100., 144.],
       [221., 144.],
       [167., 170.],
       [ 42.,  64.]]), 'block3': array([[167., 104.],
       [124., 207.],
       [167., 225.],
       [116., 144.],
       [167.,   8.],
       [219.,  12.],
       [219., 251.],
       [ 81., 169.]]), 'block4': array([[167.,  54.],
       [114., 144.],
       [219.,  26.],
       [310.,  26.],
       [ 59., 183.],
       [210.,  26.],
       [158., 207.],
       [ 22., 142.]]), 'block5': array([[167., 231.],
       [167.,  29.],
       [167.,  89.],
       [167.,  37.],
       [167.,  39.],
       [167., 245.],
       [167.,  30.],
       [167., 104.]])}, 'layer4': {'block0': array([[167.,  89.],
       [167., 210.],
       [167., 205.],
       [167., 373.],
       [167., 499.],
       [167., 157.],
       [167., 124.],
       [167., 133.]]), 'block1': array([[167., 205.],
       [167., 483.],
       [167.,  90.],
       [167., 377.],
       [167., 414.],
       [167.,  18.],
       [167., 147.],
       [167., 305.]]), 'block2': array([[167.,   2.],
       [167., 256.],
       [167.,  13.],
       [167., 351.],
       [167.,  12.],
       [167.,  69.],
       [167., 441.],
       [167., 198.]])}}



       Style 4:
       {'layer1': {'block0': array([[327.,  42.],
       [ 26.,   2.],
       [198.,   2.],
       [ 32.,  42.],
       [178.,   2.],
       [207.,  26.],
       [ 66.,  26.],
       [236.,  10.]]), 'block1': array([[229.,   6.],
       [181.,  26.],
       [109.,   0.],
       [109.,  52.],
       [340.,   6.],
       [  5.,   6.],
       [234.,   2.],
       [220.,   6.]]), 'block2': array([[181.,  26.],
       [100.,  26.],
       [234.,   2.],
       [ 26.,   2.],
       [288.,  16.],
       [174.,  21.],
       [121.,  26.],
       [275.,  62.]])}, 'layer2': {'block0': array([[104.,  89.],
       [176., 115.],
       [343., 109.],
       [180.,  51.],
       [327.,  54.],
       [261., 115.],
       [340.,  65.],
       [ 61.,  89.]]), 'block1': array([[340.,  51.],
       [176., 115.],
       [271.,  89.],
       [153.,  89.],
       [ 27.,  51.],
       [311., 115.],
       [307.,  51.],
       [ 80., 109.]]), 'block2': array([[177., 115.],
       [259.,   0.],
       [ 31., 115.],
       [289., 115.],
       [129.,  46.],
       [100., 115.],
       [109.,   0.],
       [ 17., 115.]]), 'block3': array([[164., 115.],
       [279., 115.],
       [295., 115.],
       [161., 115.],
       [ 80.,  46.],
       [ 61., 102.],
       [ 91.,  51.],
       [134., 115.]])}, 'layer3': {'block0': array([[ 81., 169.],
       [ 61., 109.],
       [105., 169.],
       [351., 247.],
       [224., 243.],
       [353., 109.],
       [ 53.,  30.],
       [155., 142.]]), 'block1': array([[ 81.,  54.],
       [239., 126.],
       [226., 126.],
       [181.,  64.],
       [227., 126.],
       [343., 243.],
       [107., 109.],
       [330., 181.]]), 'block2': array([[249., 144.],
       [241., 126.],
       [ 81., 245.],
       [268., 144.],
       [193., 142.],
       [166., 126.],
       [ 81., 142.],
       [343., 243.]]), 'block3': array([[ 81.,  26.],
       [ 57.,  90.],
       [124.,  90.],
       [ 81., 169.],
       [ 81.,  73.],
       [134., 196.],
       [ 77., 142.],
       [254.,  70.]]), 'block4': array([[ 57.,  90.],
       [249., 151.],
       [249., 112.],
       [ 81., 241.],
       [249.,  22.],
       [224., 243.],
       [ 81., 207.],
       [249., 207.]]), 'block5': array([[ 81.,  32.],
       [ 81., 106.],
       [ 81., 165.],
       [ 81., 205.],
       [ 81., 213.],
       [ 81., 208.],
       [ 81., 161.],
       [ 81.,  30.]])}, 'layer4': {'block0': array([[ 81., 274.],
       [ 81.,  48.],
       [ 81., 157.],
       [ 81., 168.],
       [210.,  78.],
       [112.,  78.],
       [339.,  78.],
       [325.,  78.]]), 'block1': array([[ 81., 284.],
       [ 81., 169.],
       [ 81., 494.],
       [ 81., 355.],
       [ 81., 204.],
       [ 81., 206.],
       [ 81.,   7.],
       [ 81., 101.]]), 'block2': array([[ 81., 364.],
       [ 81., 488.],
       [ 81., 278.],
       [ 81.,  79.],
       [ 81.,  33.],
       [ 81., 348.],
       [ 81., 324.],
       [ 81., 504.]])}}

       Style 16:
       {'layer1': {'block0': array([[259.,   2.],
       [  1.,  40.],
       [198.,   2.],
       [153.,   2.],
       [ 49.,  53.],
       [178.,   2.],
       [345.,   2.],
       [212.,  26.]]), 'block1': array([[107.,   0.],
       [237.,   6.],
       [333.,  33.],
       [  8.,   6.],
       [307.,  62.],
       [348.,   6.],
       [ 47.,  62.],
       [181.,  40.]]), 'block2': array([[207.,  58.],
       [121.,  26.],
       [234.,   2.],
       [ 18.,   2.],
       [186.,   6.],
       [ 26.,   2.],
       [ 87.,   2.],
       [227.,   6.]])}, 'layer2': {'block0': array([[343.,   2.],
       [218., 109.],
       [261.,  51.],
       [ 61.,  51.],
       [181., 109.],
       [116.,  51.],
       [118., 109.],
       [281., 109.]]), 'block1': array([[265.,  51.],
       [344., 109.],
       [193.,  51.],
       [261.,  51.],
       [207., 109.],
       [291.,  51.],
       [271., 109.],
       [ 57., 109.]]), 'block2': array([[199.,  51.],
       [265.,  51.],
       [ 75., 115.],
       [100.,  51.],
       [168., 115.],
       [ 16.,  51.],
       [113.,  51.],
       [325.,  46.]]), 'block3': array([[196.,   7.],
       [207., 115.],
       [195.,  51.],
       [342., 115.],
       [279., 115.],
       [ 16.,  51.],
       [184., 115.],
       [261.,  51.]])}, 'layer3': {'block0': array([[105., 169.],
       [294., 244.],
       [112.,  30.],
       [211., 169.],
       [211., 142.],
       [306., 109.],
       [296., 109.],
       [143., 109.]]), 'block1': array([[105., 169.],
       [274., 126.],
       [294., 244.],
       [194.,  30.],
       [325., 126.],
       [224., 126.],
       [240., 126.],
       [352., 126.]]), 'block2': array([[356., 151.],
       [180., 151.],
       [199., 151.],
       [168., 126.],
       [ 88., 151.],
       [305., 126.],
       [149., 151.],
       [240., 126.]]), 'block3': array([[ 29.,  90.],
       [ 79., 151.],
       [145., 151.],
       [ 19., 151.],
       [133., 126.],
       [ 36., 142.],
       [175.,  68.],
       [284., 126.]]), 'block4': array([[ 29., 182.],
       [ 29.,  68.],
       [314., 182.],
       [ 36., 142.],
       [ 29.,  54.],
       [140., 142.],
       [ 37., 142.],
       [109.,  81.]]), 'block5': array([[232.,  68.],
       [193., 142.],
       [232.,  22.],
       [175.,  68.],
       [ 75., 142.],
       [313., 186.],
       [232., 112.],
       [ 29., 112.]])}, 'layer4': {'block0': array([[291.,  78.],
       [187.,  78.],
       [ 92.,  78.],
       [ 77.,  78.],
       [ 99.,  78.],
       [239.,  78.],
       [245.,  78.],
       [236.,  78.]]), 'block1': array([[ 91., 105.],
       [339., 101.],
       [ 91., 413.],
       [337., 413.],
       [214., 461.],
       [320.,  38.],
       [ 91., 420.],
       [276., 281.]]), 'block2': array([[110.,  78.],
       [199.,  78.],
       [ 60.,  78.],
       [ 92.,  78.],
       [146.,  78.],
       [321.,  78.],
       [304.,  78.],
       [ 84.,  78.]])}}

style 8:
{'layer1': {'block0': array([[343.,  26.],
       [207.,  58.],
       [155.,  53.],
       [259.,  26.],
       [227.,   2.],
       [231.,  42.],
       [ 20.,   2.],
       [120.,  26.]]), 'block1': array([[196.,  26.],
       [  8.,   6.],
       [296.,  53.],
       [139.,   0.],
       [340.,   6.],
       [ 18.,   2.],
       [255.,   6.],
       [ 39.,   6.]]), 'block2': array([[343.,  26.],
       [136.,   2.],
       [196.,  26.],
       [280.,   6.],
       [358.,   2.],
       [234.,   2.],
       [170.,   6.],
       [336.,   2.]])}, 'layer2': {'block0': array([[181.,   2.],
       [210.,  51.],
       [342.,  51.],
       [194.,  51.],
       [280.,  51.],
       [145., 109.],
       [344.,  51.],
       [ 61.,  51.]]), 'block1': array([[307.,  51.],
       [ 36.,  51.],
       [109.,  51.],
       [295.,  51.],
       [103.,  51.],
       [ 92.,  51.],
       [342.,  51.],
       [ 50.,  51.]]), 'block2': array([[ 36.,  51.],
       [ 92.,  51.],
       [228.,  51.],
       [226.,  51.],
       [ 16.,  55.],
       [306., 115.],
       [109., 102.],
       [134.,  51.]]), 'block3': array([[300., 115.],
       [307.,   5.],
       [ 50.,  51.],
       [226.,  51.],
       [291.,  51.],
       [ 16.,  51.],
       [117., 115.],
       [241.,  51.]])}, 'layer3': {'block0': array([[ 33., 144.],
       [151., 144.],
       [307., 244.],
       [ 85., 144.],
       [244., 151.],
       [253., 109.],
       [314., 151.],
       [149., 144.]]), 'block1': array([[175., 144.],
       [ 33., 144.],
       [314., 144.],
       [  8., 144.],
       [265., 109.],
       [ 30., 144.],
       [275., 151.],
       [226., 144.]]), 'block2': array([[175., 151.],
       [ 33., 144.],
       [232., 151.],
       [228., 144.],
       [174., 144.],
       [342., 144.],
       [ 85., 151.],
       [ 51., 144.]]), 'block3': array([[175.,  68.],
       [145., 196.],
       [ 17., 207.],
       [244., 196.],
       [314., 196.],
       [139., 196.],
       [331.,  68.],
       [314.,  90.]]), 'block4': array([[ 17., 200.],
       [ 33., 181.],
       [ 69., 181.],
       [ 69., 234.],
       [275., 112.],
       [ 17., 104.],
       [ 33.,  26.],
       [314., 104.]]), 'block5': array([[175.,  68.],
       [175., 234.],
       [175., 176.],
       [ 33., 126.],
       [175.,  26.],
       [ 69., 231.],
       [ 69., 180.],
       [ 69.,  56.]])}, 'layer4': {'block0': array([[175., 237.],
       [175., 487.],
       [175., 289.],
       [ 16.,  78.],
       [ 33., 298.],
       [ 33., 323.],
       [ 57.,  78.],
       [108.,  78.]]), 'block1': array([[175., 164.],
       [175., 379.],
       [175.,  78.],
       [175.,  58.],
       [175., 414.],
       [175., 381.],
       [175., 430.],
       [175., 145.]]), 'block2': array([[175., 316.],
       [175., 401.],
       [175., 217.],
       [175., 129.],
       [175., 393.],
       [175., 289.],
       [175., 108.],
       [175., 375.]])}}